time,dist,Acc_y_g,gps_speed_kmh,yaw_rate_deg_sec
0,0,0.201896,61.09,-1.042
0.0999999999999943,1.73416666666667,0.132718,62.43,-14.456
0.200000000000017,3.51222222222222,-0.302073,64.01,-0.156
0.300000000000011,5.31666666666667,-0.165093,64.96,-7.014
0.400000000000006,7.16555555555556,-0.089978,66.56,-0.365
0.5,9.05138888888889,0.083694,67.89,-1.72
0.599999999999994,10.9791666666667,-0.203491,69.4,-0.966
0.700000000000017,12.9491666666667,0.217872,70.92,-10.223
0.800000000000011,14.9475,-0.20902,71.94,6.945
0.900000000000006,16.9602777777778,0.147088,72.46,3.24
1,19.0125,0.194991,73.88,0.66
1.09999999999999,21.0938888888889,-0.015627,74.93,-2.864
1.20000000000002,23.2030555555556,-0.236819,75.93,-3.435
1.30000000000001,25.3291666666667,-0.050586,76.54,-1.405
1.40000000000001,27.4594444444444,0.326136,76.69,-0.537
1.5,29.5783333333333,-0.095048,76.28,1.716
1.59999999999999,31.6580555555556,0.101301,74.87,6.211
1.70000000000002,33.6891666666667,0.087745,73.12,1.154
1.80000000000001,35.6652777777778,0.136794,71.14,0.336
1.90000000000001,37.5847222222222,0.113786,69.1,-2.183
2,39.475,0.242791,68.05,9.273
2.09999999999999,41.3130555555556,-0.08162,66.17,12.74
2.20000000000002,43.0916666666667,0.872733,64.03,5.326
2.30000000000001,44.8125,0.141151,61.95,3.012
2.40000000000001,46.48,-0.261407,60.03,2.506
2.5,48.1261111111111,-0.001486,59.26,2.405
2.59999999999999,49.7238888888889,0.489004,57.52,11.538
2.70000000000002,51.2716666666667,0.399213,55.72,16.469
2.80000000000001,52.7686111111111,0.472009,53.89,11.671
2.90000000000001,54.2119444444444,0.238103,51.96,12.02
3,55.6152777777778,0.307179,50.52,17.044
3.09999999999999,56.9994444444444,0.293089,49.83,15.563
3.20000000000002,58.3430555555556,0.493056,48.37,16.889
3.30000000000001,59.6455555555556,0.272756,46.89,18.205
3.40000000000001,60.9022222222222,0.490278,45.24,17.879
3.5,62.1180555555556,0.438987,43.77,23.248
3.59999999999999,63.3175,0.36135,43.18,20.816
3.70000000000002,64.4911111111111,0.584733,42.25,22.094
3.80000000000001,65.6325,0.169434,41.09,16.546
3.90000000000001,66.7441666666667,0.493361,40.02,9.313
4,67.8275,-0.194012,39,-6.671
4.09999999999999,68.8738888888889,-0.10468,37.67,-10.383
4.20000000000002,69.9008333333333,-0.00118,36.97,-10.376
4.30000000000001,70.8952777777777,-0.26765,35.8,-8.971
4.40000000000001,71.8513888888889,-0.119738,34.42,-8.87
4.5,72.7652777777778,-0.008085,32.9,-4.588
4.59999999999999,73.6330555555555,-0.085391,31.24,-0.742
4.70000000000002,74.4788888888889,0.068865,30.45,0.153
4.80000000000001,75.2822222222222,-0.070333,28.92,0.239
4.90000000000001,76.0486111111111,0.190965,27.59,0.372
5,76.7775,-0.042559,26.24,1.512
5.09999999999999,77.4733333333333,0.070674,25.05,1.46
5.20000000000002,78.1441666666666,-0.036011,24.15,1.322
5.30000000000001,78.8011111111111,0.097402,23.65,1.928
5.40000000000001,79.4294444444444,-0.021691,22.62,0.662
5.5,80.0294444444444,-0.049108,21.6,-4.815
5.59999999999999,80.6097222222222,-0.488383,20.89,-25.34
5.70000000000002,81.1708333333333,-0.612521,20.2,-50.17
5.80000000000001,81.7277777777777,-0.869436,20.05,-70.217
5.90000000000001,82.2777777777777,-0.84946,19.8,-84.087
6,82.8430555555555,-0.966744,20.35,-86.911
6.09999999999999,83.4244444444444,-0.75256,20.93,-86.942
6.20000000000002,84.0155555555555,-0.77251,21.28,-87.273
6.30000000000001,84.6116666666666,-0.697242,21.46,-84.717
6.40000000000001,85.2069444444444,-0.961164,21.43,-84.008
6.5,85.8052777777777,-0.724277,21.54,-83.947
6.59999999999999,86.4,-0.745374,21.41,-82.81
6.70000000000002,86.9822222222222,-0.732303,20.96,-80.998
6.80000000000001,87.5541666666666,-0.752661,20.59,-79.804
6.90000000000001,88.1211111111111,-0.671839,20.41,-79.003
7,88.6769444444444,-0.747591,20.01,-77.381
7.09999999999999,89.2227777777778,-0.592392,19.65,-77.362
7.20000000000002,89.7486111111111,-0.681929,18.93,-77.246
7.30000000000001,90.2583333333333,-0.551191,18.35,-74.785
7.40000000000001,90.7575,-0.719767,17.97,-73.601
7.5,91.2513888888889,-0.474624,17.78,-73.856
7.59999999999999,91.7330555555555,-0.378335,17.34,-68.016
7.70000000000002,92.2072222222222,-0.308239,17.07,-49.342
7.80000000000001,92.6827777777778,0.181639,17.12,-19.97
7.90000000000001,93.1580555555555,0.476341,17.11,10.169
8,93.6372222222222,0.490457,17.25,34.899
8.09999999999999,94.1280555555555,0.549774,17.67,48.318
8.20000000000002,94.635,0.623666,18.25,60.009
8.30000000000001,95.1575,0.622163,18.81,60.819
8.40000000000001,95.6991666666666,0.628074,19.5,62.907
8.5,96.2530555555555,0.768214,19.94,66.224
8.59999999999999,96.8130555555555,0.60606,20.16,66.268
8.70000000000002,97.3963888888889,0.78047,21,66.202
8.80000000000001,97.9994444444444,0.770253,21.71,59.781
8.90000000000001,98.6238888888889,0.327843,22.48,50.021
9,99.2719444444444,0.343616,23.33,35.64
9.09999999999999,99.94,0.566081,24.05,22.576
9.20000000000002,100.653333333333,0.297115,25.68,13.031
9.30000000000001,101.425833333333,0.285292,27.81,11.963
9.40000000000001,102.256666666667,0.391365,29.91,19.47
9.5,103.144722222222,0.284731,31.97,22.791
9.59999999999999,104.093333333333,-0.042916,34.15,20.431
9.70000000000002,105.072222222222,0.57133,35.24,11.607
9.80000000000001,106.108611111111,-0.114693,37.31,10.346
9.90000000000001,107.206666666667,-0.165806,39.53,3.332
10,108.368611111111,0.003712,41.83,4.834
10.1,109.579166666667,-0.262171,43.58,2.302
10.2,110.814166666667,0.12831,44.46,4.631
10.3,112.096944444444,0.032556,46.18,-2.511
10.4,113.420277777778,0.152719,47.64,-1.054
10.5,114.748055555556,-0.143919,47.8,-1.14
10.6,116.045833333333,-0.472738,46.72,-3.32
10.7,117.3075,-0.006887,45.42,-8.478
10.8,118.546944444444,-0.647862,44.62,-10.509
10.9,119.728333333333,-0.74991,42.53,-23.782
11,120.850277777778,-0.0872,40.39,-31.149
11.1,121.906388888889,-0.890814,38.02,-35.823
11.2,122.904166666667,-0.992454,35.92,-51.111
11.3,123.880555555556,-1.12574,35.15,-66.915
11.4,124.841666666667,-1.295207,34.6,-63.233
11.5,125.783888888889,-1.163297,33.92,-65.715
11.6,126.709722222222,-1.123676,33.33,-65.772
11.7,127.630833333333,-0.816081,33.16,-61.065
11.8,128.540277777778,-1.004659,32.74,-67.236
11.9,129.445277777778,-1.261624,32.58,-58.537
12,130.345833333333,-0.673419,32.42,-63.706
12.1,131.264722222222,-1.161284,33.08,-64.721
12.2,132.198333333333,-0.99676,33.61,-72.935
12.3,133.1425,-1.073378,33.99,-64.06
12.4,134.094722222222,-0.709855,34.28,-55.971
12.5,135.081388888889,-0.656653,35.52,-33.89
12.6,136.109166666667,-0.958183,37,-8.484
12.7,137.178055555556,-0.414287,38.48,-8.035
12.8,138.292222222222,-0.530145,40.11,-15.296
12.9,139.448055555556,-0.590787,41.61,-22.474
13,140.626944444444,-0.420275,42.44,-27.366
13.1,141.848611111111,-0.415383,43.98,-22.655
13.2,143.103333333333,-0.164252,45.17,-10.473
13.3,144.365,-0.480535,45.42,-3.098
13.4,145.594722222222,0.09065,44.27,-7.126
13.5,146.806111111111,-0.192789,43.61,-6.872
13.6,147.974722222222,-0.06223,42.07,-8.274
13.7,149.085277777778,0.026797,39.98,-6.831
13.8,150.138333333333,-0.381367,37.91,-7.902
13.9,151.132777777778,-0.203211,35.8,-13.315
14,152.072222222222,-0.506958,33.82,-34.892
14.1,152.989166666667,-0.854454,33.01,-57.462
14.2,153.873888888889,-1.083392,31.85,-56.953
14.3,154.745555555556,-0.673393,31.38,-43.944
14.4,155.615277777778,-0.361645,31.31,-24.206
14.5,156.485,0.035613,31.31,-7.28
14.6,157.355555555555,0.634164,31.34,17.077
14.7,158.226388888889,0.692411,31.35,32.101
14.8,159.110277777778,1.304059,31.82,64.824
14.9,160.014444444444,1.070585,32.55,65.247
15,160.928333333333,1.128807,32.9,67.362
15.1,161.831388888889,1.112576,32.51,72.111
15.2,162.727777777778,0.996286,32.27,68.349
15.3,163.627222222222,0.909119,32.38,57.37
15.4,164.524444444444,0.432413,32.3,30.126
15.5,165.405,-0.330509,31.7,-0.634
15.6,166.275555555556,-0.531419,31.34,-37.589
15.7,167.141666666667,-0.918868,31.18,-49.648
15.8,167.995833333333,-0.782932,30.75,-53.218
15.9,168.856666666667,-0.814196,30.99,-55.048
16,169.730555555556,-0.89377,31.46,-59.659
16.1,170.622222222222,-0.717677,32.1,-46.385
16.2,171.538611111111,-0.560772,32.99,-33.332
16.3,172.468055555556,-0.520258,33.46,-25.696
16.4,173.43,-0.213581,34.63,-16.271
16.5,174.421944444444,-0.044802,35.71,-1.264
16.6,175.450833333333,0.280833,37.04,12.605
16.7,176.510555555556,0.321448,38.15,15.011
16.8,177.585277777778,0.69738,38.69,21.542
16.9,178.690555555556,0.416183,39.79,19.595
17,179.818333333333,0.68887,40.6,34.139
17.1,180.959722222222,1.088319,41.09,37.306
17.2,182.114166666667,0.558667,41.56,48.829
17.3,183.272777777778,0.65865,41.71,54.736
17.4,184.437222222222,1.351681,41.92,40.695
17.5,185.604444444444,0.158529,42.02,17.054
17.6,186.779166666667,0.112996,42.29,7.66
17.7,187.950833333333,0.350087,42.18,-3.314
17.8,189.121944444444,-0.623987,42.16,-9.22
17.9,190.297222222222,-0.118846,42.31,-19.527
18,191.476111111111,-0.72792,42.44,-34.05
18.1,192.658333333333,-0.832057,42.56,-41.335
18.2,193.833055555556,-0.774345,42.29,-47.125
18.3,194.998333333333,-0.938818,41.95,-40.84
18.4,196.142222222222,-0.775899,41.18,-42.671
18.5,197.283611111111,-1.108795,41.09,-35.576
18.6,198.415277777778,-0.34702,40.74,-32.923
18.7,199.545555555555,-0.834248,40.69,-22.612
18.8,200.679722222222,-0.202701,40.83,-13.765
18.9,201.815277777778,0.323486,40.88,10.23
19,202.953055555555,1.08172,40.96,38.527
19.1,204.0975,0.623743,41.2,42.943
19.2,205.254166666667,1.094078,41.64,43.324
19.3,206.417222222222,1.150542,41.87,52.951
19.4,207.593611111111,0.950473,42.35,39.774
19.5,208.780277777778,0.900328,42.72,44.991
19.6,209.973611111111,0.509567,42.96,29.707
19.7,211.184166666667,0.561826,43.58,18.372
19.8,212.408055555555,-0.115432,44.06,-1.146
19.9,213.650833333333,0.044684,44.74,-6.985
20,214.906388888889,-0.543216,45.2,-17.772
20.1,216.171666666667,-0.247317,45.55,-15.854
20.2,217.456111111111,-0.515366,46.24,-17.447
20.3,218.765,-0.536183,47.12,-6.797
20.4,220.099166666667,-0.285562,48.03,-8.727
20.5,221.442222222222,-0.034712,48.35,-7.174
20.6,222.762222222222,-0.075429,47.52,-3.375
20.7,224.062222222222,0.079745,46.8,-0.069
20.8,225.316388888889,-0.075505,45.15,3.612
20.9,226.515,0.312326,43.15,18.441
21,227.653611111111,0.620914,40.99,26.079
21.1,228.735,0.355642,38.93,20.19
21.2,229.788333333333,0.342189,37.92,17.227
21.3,230.788888888889,0.098702,36.02,9.437
21.4,231.74,-0.222066,34.24,-20.739
21.5,232.631388888889,-0.681114,32.09,-44.666
21.6,233.465833333333,-0.915428,30.04,-65.249
21.7,234.262222222222,-0.65785,28.67,-72.5
21.8,235.05,-0.848262,28.36,-67.726
21.9,235.83,-1.266389,28.08,-83.598
22,236.603055555556,-0.857333,27.83,-82.004
22.1,237.381111111111,-1.118172,28.01,-84.744
22.2,238.146666666667,-1.278288,27.56,-95.332
22.3,238.893333333333,-1.125867,26.88,-91.004
22.4,239.612777777778,-1.068053,25.9,-85.801
22.5,240.311666666667,-1.024737,25.16,-88.9
22.6,240.995,-1.092539,24.6,-78.968
22.7,241.670833333333,-0.580926,24.33,-64.893
22.8,242.323888888889,-0.188687,23.51,-40.257
22.9,242.9725,-0.383074,23.35,-20.203
23,243.629166666667,0.545927,23.64,17.971
23.1,244.292777777778,0.719242,23.89,38.762
23.2,244.973333333333,0.659644,24.5,69.432
23.3,245.665833333333,1.082943,24.93,69.162
23.4,246.362222222222,1.068955,25.07,74.059
23.5,247.062222222222,0.871128,25.2,80.207
23.6,247.759166666667,0.941504,25.09,63.861
23.7,248.460833333333,0.098931,25.26,28.448
23.8,249.183611111111,-0.461298,26.02,-19.112
23.9,249.933888888889,-0.670004,27.01,-33.286
24,250.702777777778,-0.906102,27.68,-50.553
24.1,251.510555555555,-0.747744,29.08,-52.053
24.2,252.353333333333,-0.70797,30.34,-47.248
24.3,253.233055555555,-0.4999,31.67,-34.235
24.4,254.156944444444,-0.561026,33.26,-26.143
24.5,255.103333333333,-0.711944,34.07,-24.233
24.6,256.098055555556,-0.482217,35.81,-17.596
24.7,257.147222222222,-0.432938,37.77,-17.194
24.8,258.255833333333,-0.63818,39.91,-34.058
24.9,259.414444444444,-0.91265,41.71,-39.031
25,260.586388888889,-0.846657,42.19,-40.586
25.1,261.755555555555,-0.703281,42.09,-48.553
25.2,262.916944444444,-1.383801,41.81,-52.6
25.3,264.058333333333,-0.936933,41.09,-51.302
25.4,265.190555555555,-0.842478,40.76,-50.13
25.5,266.326388888889,-1.100565,40.89,-46.935
25.6,267.459166666667,-1.123752,40.78,-48.558
25.7,268.596944444444,-0.74489,40.96,-47.232
25.8,269.755277777778,-0.963075,41.7,-53.014
25.9,270.950277777778,-1.087494,43.02,-41.502
26,272.173888888889,-0.817585,44.05,-40.261
26.1,273.425277777778,-0.776791,45.05,-24.141
26.2,274.691944444444,-0.954285,45.6,-20.909
26.3,275.996944444444,-1.050905,46.98,-32.249
26.4,277.344166666667,-1.031234,48.5,-35.857
26.5,278.730555555555,-1.193389,49.91,-56.462
26.6,280.1425,-1.262389,50.83,-59.541
26.7,281.5675,-1.138454,51.3,-57.208
26.8,283.025555555556,-0.416759,52.49,-67.189
26.9,284.5225,-0.697879,53.89,-38.153
27,286.050277777778,-0.856594,55,-20.048
27.1,287.620833333333,-1.461515,56.54,7.099
27.2,289.225833333333,-0.134007,57.78,59.559
27.3,290.851388888889,-0.055146,58.52,22.539
27.4,292.528888888889,0.164007,60.39,-36.12
27.5,294.243888888889,-0.810883,61.74,-35.583
